Canyon 1      
1 03334U 68063A   16053.34084856  .00000000  00000-0  00000-0 0    02
2 03334  14.1712 328.2672 0930032 123.6468 245.5710  0.99233930   662
Canyon 2      
1 03889U 69036A   16053.33935412  .00000000  00000-0  00000-0 0    00
2 03889   6.1334  79.1436 0903946  83.8671 286.3456  1.00365728  2863
Rhyolite 1    
1 04418U 70046A   16053.19426560  .00000000  00000-0  00000-0 0    05
2 04418   6.5385 304.4221 0006447 160.5229 199.5137  1.00280735   245
Canyon 3      
1 04510U 70069A   16053.36824727  .00000000  00000-0  00000-0 0    09
2 04510  13.9040 260.6287 0835366 310.5013  42.5139  1.00235135  3191
DSP F2        
1 05204U 71039A   16053.73082468  .00000000  00000-0  00000-0 0    07
2 05204   8.4983 311.7199 0023504 278.5685  81.1771  0.98150481   181
DSP F2 Rk     
1 05205U 71039B   16053.53085711  .00000000  00000-0  00000-0 0    00
2 05205   7.0464 306.8004 0032268   8.0757 351.9880  1.00403593  1262
DSP F3        
1 05851U 72010A   16053.27514176  .00000000  00000-0  00000-0 0    00
2 05851   8.3127 310.0064 0007039 288.2424  71.6929  0.99760929  1359
DSP F3 Rk     
1 05854U 72010B   16053.82261556  .00000000  00000-0  00000-0 0    05
2 05854   7.7752 308.7650 0057891  46.9572 313.5380  1.00665772  3767
Canyon 5      
1 06317U 72101A   16053.15789539  .00000000  00000-0  00000-0 0    03
2 06317  17.7902 309.3432 1348553 340.6588  14.6830  1.00366648  3045
Canyon 5 Rk   
1 06318U 72101B   16053.59221643  .00000000  00000-0  00000-0 0    09
2 06318  16.5937 303.6467 1278680  35.6680 332.2453  1.02308867  1064
Rhyolite 2    
1 06380U 73013A   16053.23264263  .00000000  00000-0  00000-0 0    07
2 06380   8.9621 311.6906 0022064 171.9829 188.0644  1.00267087   240
DSP F4        
1 06691U 73040A   16053.43038144  .00000000  00000-0  00000-0 0    01
2 06691   9.4915 309.8275 0014691 252.5620 107.2893  0.99819897  2483
Canyon 6      
1 07963U 75055A   16053.40745540  .00000000  00000-0  00000-0 0    04
2 07963  19.0170 314.4158 1293682 302.8646  45.3373  1.00261792  3041
Canyon 6 Rk   
1 07964U 75055B   16053.17708900  .00000000  00000-0  00000-0 0    08
2 07964  17.8786 309.5464 1339735   2.6413 358.0014  1.02084686    76
DSP F5        
1 08482U 75118A   16053.88536198  .00000000  00000-0  00000-0 0    00
2 08482  10.8168 315.5571 0033650 260.3727  99.2590  1.00465804  3194
DSP F5 Rk2    
1 08516U 75118C   16053.18481304  .00000000  00000-0  00000-0 0    09
2 08516  10.7870 315.5945 0009090 106.2748 253.8371  1.00544554  1359
DSP F6        
1 08916U 76059A   16053.43752676  .00000000  00000-0  00000-0 0    09
2 08916  11.8164 318.9914 0005260 176.0024 184.0137  0.99469165  1076
DSP F6 Rk2    
1 08918U 76059C   16053.64308705  .00000000  00000-0  00000-0 0    04
2 08918  11.2007 316.8756 0012083 151.8907 208.1866  1.00552441  3040
DSP F7        
1 09803U 77007A   16054.01820170  .00000000  00000-0  00000-0 0    09
2 09803  12.9349 324.7819 0081917 297.3270  61.8534  0.97523949   195
DSP F7 Rk2    
1 09855U 77007C   16053.65671773  .00000000  00000-0  00000-0 0    08
2 09855  11.7890 319.3183 0016263 289.7770  70.0596  1.00293632  1061
DSP F7 Cover  
1 09856U 77007D   16053.45363918  .00000000  00000-0  00000-0 0    06
2 09856  11.4719 316.7998 0236836  16.9440 343.8456  1.00581530  6684
Canyon 7      
1 10016U 77038A   16053.40035964  .00000000  00000-0  00000-0 0    02
2 10016  11.6692 352.4079 1239844  40.9075 327.7719  1.00231011  3111
Rhyolite 3    
1 10508U 77114A   16053.54589019  .00000000  00000-0  00000-0 0    03
2 10508  18.0525 329.2404 0026297 263.7835  95.9289  1.00258405  3113
FleetSatCom 1 
1 10669U 78016A   16053.39112632  .00000000  00000-0  00000-0 0    09
2 10669  14.6173 333.1586 0007320 199.7731 160.2105  0.98994929  1346
Rhyolite 4    
1 10787U 78038A   16053.15113465  .00000000  00000-0  00000-0 0    03
2 10787   9.8798 333.7520 0024915 208.8055 151.0687  1.00468902   680
Vortex 1      
1 10941U 78058A   16053.20873653  .00000000  00000-0  00000-0 0    05
2 10941   7.1504  30.8853 1424102 341.6349  13.7221  1.00135889  1614
Vortex 1 Rk   
1 10942U 78058B   16053.72505118  .00000000  00000-0  00000-0 0    01
2 10942   6.9347  30.1464 1497721  50.6721 321.7127  0.99629829   172
DSP F8        
1 11397U 79053A   16053.60472927  .00000000  00000-0  00000-0 0    00
2 11397  14.4381 335.5151 0008966 206.3456 153.6208  0.98739733   668
DSP F8 Rk2    
1 11436U 79053C   16053.79268029  .00000000  00000-0  00000-0 0    00
2 11436  14.1791 334.4320 0060233 194.7730 165.0624  0.99433389   163
Vortex 2      
1 11558U 79086A   16053.72021555  .00000000  00000-0  00000-0 0    05
2 11558   6.7848 353.8242 1222487  23.9513 341.2909  1.00177642  1356
Vortex 2 Rk2  
1 11560U 79086C   16053.19750371  .00000000  00000-0  00000-0 0    04
2 11560   7.0362 352.4894 1340126  78.2750 296.4177  0.99677800  2233
Ekran 5       
1 11890U 80060A   16053.54047053  .00000000  00000-0  00000-0 0    09
2 11890  13.2914 328.2161 0007213 110.5114 249.5781  1.00250076  5473
DSP F4 Rk     
1 11940U 73040B   16053.15044395  .00000000  00000-0  00000-0 0    08
2 11940   9.6834 310.3313 0029418 312.4490  47.3146  0.99549966  3957
FleetSatCom 4 
1 12046U 80087A   16053.09412757  .00000000  00000-0  00000-0 0    09
2 12046  14.5861 340.6905 0005708 268.0140  91.9326  0.98947261   374
DSP F9        
1 12339U 81025A   16053.50370696  .00000000  00000-0  00000-0 0    08
2 12339  14.6605 341.0542 0021355 192.1680 167.7924  0.98822618  1263
DSP F9 Rk2    
1 12371U 81025C   16053.59306344  .00000000  00000-0  00000-0 0    02
2 12371  13.5315 337.3884 0054517 218.5361 141.0855  1.01324797  1063
Vortex 3      
1 12930U 81107A   16053.99603627  .00000000  00000-0  00000-0 0    02
2 12930   7.7115 355.3064 0907682 318.2573  35.1665  1.00248503  1274
Vortex 3 Rk2  
1 12932U 81107C   16053.41839749  .00000000  00000-0  00000-0 0    07
2 12932   7.4638 347.8517 0987020  68.1230 302.0884  0.99591680  1360
DSP F10       
1 13086U 82019A   16053.97380115  .00000000  00000-0  00000-0 0    00
2 13086  15.4272 344.9365 0005069 198.1810 161.8129  0.98182070  1670
DSP F10 Rk    
1 13089U 82019B   16053.91254049  .00000000  00000-0  00000-0 0    03
2 13089  14.0978 340.3844 0008551  45.2000 314.8815  1.01250060  3646
DSCS 3-1      
1 13637U 82106B   16053.23943593  .00000000  00000-0  00000-0 0    03
2 13637  15.4011   5.1030 0018093 105.6182 254.5936  0.97824527   757
Vortex 4      
1 14675U 84009A   16053.68655750  .00000000  00000-0  00000-0 0    04
2 14675   7.7321 351.5033 1034871 338.9687  17.0888  1.00339315  1056
Vortex 4 Rk2  
1 14677U 84009C   16053.86303689  .00000000  00000-0  00000-0 0    07
2 14677   8.0979 353.0061 0991173  43.5927 323.8567  0.99436468  1350
DSP F11       
1 14930U 84037A   16053.51802139  .00000000  00000-0  00000-0 0    06
2 14930  15.5308 350.7183 0008684 181.2765 178.7333  0.98674852  1062
DSP F11 Rk    
1 14931U 84037B   16053.87378995  .00000000  00000-0  00000-0 0    04
2 14931  14.4510 347.6209 0031627 218.4360 141.3503  1.01158431  1067
Canyon 7 Rk2  
1 15422U 77038C   16053.69070072  .00000000  00000-0  00000-0 0    08
2 15422  11.1015 350.7352 1492011  89.0763 287.9486  1.02325552  1067
DSP F12       
1 15453U 84129A   16053.19447794  .00000000  00000-0  00000-0 0    05
2 15453  16.0758 356.2032 0003642 199.3830 160.6152  0.98851668   378
DSP F12 Rk    
1 15454U 84129B   16053.81485967  .00000000  00000-0  00000-0 0    09
2 15454  15.3205 353.3182 0007689 154.6355 205.4143  1.01153500  1265
Magnum 1      
1 15543U 85010B   16053.68356385  .00000000  00000-0  00000-0 0    04
2 15543  17.7753 354.5801 0132353 304.5297  54.2398  0.99810222   186
Magnum 1 Rk2  
1 15545U 85010D   16053.45478565  .00000000  00000-0  00000-0 0    06
2 15545  17.8748 354.9564 0030178 193.9034 166.0254  1.00811413   374
DSCS 3-2      
1 16116U 85092B   16053.90364338  .00000000  00000-0  00000-0 0    03
2 16116  15.0063  19.2169 0001501 303.6231  56.3746  0.98984568  1116
DSCS 3-3      
1 16117U 85092C   16053.59931853  .00000000  00000-0  00000-0 0    01
2 16117  14.8654  20.6696 0004332 119.1309 240.9245  0.99324797  3303
DSCS 3-2 Rk2  
1 16119U 85092E   16053.39916952  .00000000  00000-0  00000-0 0    04
2 16119  15.1997 352.0895 0053406  80.4604 280.1547  1.01082713  1353
FleetSatCom 7 
1 17181U 86096A   16053.33544414 0.00000000  00000-0  00000-0 0    03
2 17181  14.6816  11.6009 0010108 138.3698 221.7225  1.00270000  7829
DSP F13       
1 18583U 87097A   16053.12743613  .00000000  00000-0  00000-0 0    01
2 18583  14.4348   7.7791 0028378 181.3795 178.6247  0.98385182  1262
DSP F13 Rk    
1 18584U 87097B   16053.13633552  .00000000  00000-0  00000-0 0    03
2 18584  13.7298   5.1358 0010658 177.7086 182.3083  1.01229515   669
Vortex 6      
1 19976U 89035A   16052.32657570 0.00000000  00000-0  00000-0 0    09
2 19976   7.8967  10.1592 0983295 266.9417  81.7864  1.00270000   172
Vortex 6 Rk2  
1 19983U 89035C   16053.76496379  .00000000  00000-0  00000-0 0    04
2 19983   8.1172   8.7998 1004992 339.5953  16.6575  0.99424368  1066
DSP F14       
1 20066U 89046A   16053.78164256  .00000000  00000-0  00000-0 0    08
2 20066  14.6014  12.5116 0002132 238.7847 121.2064  0.98814941   656
DSP F14 Rk3   
1 20069U 89046D   16053.84610046  .00000000  00000-0  00000-0 0    01
2 20069  14.1856  11.3228 0046995 269.3856  90.0879  1.01299610  1927
DSCS 2-15     
1 20202U 89069A   16053.41489062  .00000000  00000-0  00000-0 0    00
2 20202  15.3458   8.7941 0020234 173.7734 186.2638  0.98604105   373
DSCS 3-4      
1 20203U 89069B   16053.27725171  .00000000  00000-0  00000-0 0    09
2 20203  12.5037  35.4849 0010171 271.4362  88.4593  0.99122833   379
DSCS 2-15 Rk2 
1 20205U 89069D   16053.44511789  .00000000  00000-0  00000-0 0    08
2 20205  14.6858   1.8754 0071376 244.5954 114.6762  1.01242243  1305
FleetSatCom 8 
1 20253U 89077A   16052.67763356 0.00000000  00000-0  00000-0 0    03
2 20253  12.6811  19.7319 0009418 202.4093 157.5606  1.00270000  3109
Magnum 2      
1 20355U 89090B   16053.93255067  .00000000  00000-0  00000-0 0    06
2 20355  17.8514  21.4562 0275307   8.8424 351.6447  1.00740278  1924
Magnum 2 Rk2  
1 20357U 89090D   16053.40339074  .00000000  00000-0  00000-0 0    01
2 20357  18.0198  22.2258 0326443 357.3838   2.4614  0.99512260  2133
DSP F15       
1 20929U 90095A   16053.11886887  .00000000  00000-0  00000-0 0    00
2 20929  15.1636  16.2192 0001597 309.2839  50.7139  0.98396513  1261
DSP F15 Rk3   
1 20932U 90095D   16053.02050046  .00000000  00000-0  00000-0 0    04
2 20932  15.1336  16.0723 0067938 352.5455   7.3659  0.99932126  3484
SDS 2-2       
1 20963U 90097B   16053.62632775  .00000000  00000-0  00000-0 0    01
2 20963  16.5854   9.5341 0016870 180.8021 179.2072  0.98579652  1061
DSP F16       
1 21805U 91080B   16052.89836000 0.00000000  00000-0  00000-0 0    05
2 21805  14.8760  18.1986 0007198 202.5704 157.4087  1.00270000  1296
DSP F16 Rk2   
1 21807U 91080D   16053.89693516  .00000000  00000-0  00000-0 0    01
2 21807  14.6373  17.4288 0024383 251.2125 108.5348  1.01278488  3643
DSCS 3-5      
1 21873U 92006A   16053.12648245  .00000000  00000-0  00000-0 0    08
2 21873  12.8151  34.4017 0008517 220.0836 139.8656  0.99041023  1065
DSCS 3-5 Rk2  
1 21877U 92006C   16053.65131295  .00000000  00000-0  00000-0 0    02
2 21877  11.3477 359.7006 0640055 342.2940  15.5863  1.10776526  1345
DSCS 3-6      
1 22009U 92037A   16053.76552906  .00000000  00000-0  00000-0 0    02
2 22009  11.2460  38.8589 0009065 257.9369 101.9735  0.98812703  1310
DSCS 3-6 Rk2  
1 22011U 92037C   16053.23745983  .00000000  00000-0  00000-0 0    06
2 22011  14.6476   8.5617 0021827 336.1637  23.7474  1.01641557  3114
DSCS 3-7      
1 22719U 93046A   16053.17199986  .00000000  00000-0  00000-0 0    01
2 22719  10.2664  42.7422 0002695 165.9301 194.0894  0.99053966  1070
DSCS 3-7 Rk2  
1 22738U 93046C   16053.32414460  .00000000  00000-0  00000-0 0    06
2 22738  14.5321  12.0408 0078207  37.3536 323.1996  1.02127943  1346
UFO F2        
1 22787U 93056A   16053.57372481 0.00000000  00000-0  00000-0 0    04
2 22787  10.3753  27.2232 0010656 137.3830 222.7157  1.00270000  1364
DSCS 3-8      
1 22915U 93074A   16053.00876283 0.00000000  00000-0  00000-0 0    04
2 22915   9.9727  42.6984 0020147 293.5467  66.2465  1.00270000  3482
DSCS 3-8 Rk   
1 22916U 93074B   16053.73757721  .00000000  00000-0  00000-0 0    00
2 22916  15.2387  15.4740 0006473 282.5534  77.3862  0.99252611  1928
Milstar 1     
1 22988U 94009A   16052.88710453 0.00000000  00000-0  00000-0 0    04
2 22988  11.2928  71.7323 0008926 112.5436 247.5685  1.00270000   157
Milstar 1 Rk  
1 22989U 94009B   16053.18683613  .00000000  00000-0  00000-0 0    06
2 22989  11.2606  63.9016 0014549 141.4917 218.6242  1.00592904  1368
Trumpet 1     
1 23097U 94026A   16052.67025989-0.00000207  00000-0  00000-0 0    05
2 23097  64.0867 180.5437 6355140 268.8032  22.9865  2.00600009    37
UFO F3        
1 23132U 94035A   16053.69984912  .00000000  00000-0  00000-0 0    08
2 23132  10.3973  30.9743 0004517 170.6330 189.3874  1.00265454  3111
Mercury 1     
1 23223U 94054A   16052.56069895 0.00000000  00000-0  00000-0 0    09
2 23223  10.4117  39.0204 0030853 224.1269 135.6362  1.00270000   175
Mercury 1 Rk  
1 23247U 94054B   16053.48056346  .00000000  00000-0  00000-0 0    04
2 23247  12.1173  20.7396 0122183 259.0631  99.5719  0.99577212  1367
DSP F17       
1 23435U 94084A   16052.79343824 0.00000000  00000-0  00000-0 0    09
2 23435  13.7465  27.6264 0011353 236.7179 123.1818  1.00270000   655
DSP F17 Rk3   
1 23438U 94084D   16053.53109536  .00000000  00000-0  00000-0 0    05
2 23438  13.6079  27.1801 0002350  79.5149 280.5236  1.01181832   373
UFO F4        
1 23467U 95003A   16052.94376481 0.00000000  00000-0  00000-0 0    08
2 23467   9.1606  31.1830 0006480 271.1653  88.7669  1.00270000   133
Mentor 1      
1 23567U 95022A   16053.35297628 0.00000000  00000-0  00000-0 0    01
2 23567  13.2386  45.1397 0078936  70.5899 290.2819  1.00269586  7823
Mentor 1 Rk   
1 23568U 95022B   16053.26347368  .00000000  00000-0  00000-0 0    09
2 23568  15.0670  47.2081 0010538 239.0275 120.8809  1.00537279  1094
UFO F5        
1 23589U 95027A   16053.32333355  .00000000  00000-0  00000-0 0    05
2 23589   9.5731  31.1276 0003752 170.8888 189.1300  0.98750390  1623
Trumpet 2     
1 23609U 95034A   16052.72202506-0.00000213  00000-0  00000-0 0    09
2 23609  63.3605 202.1369 6795334 267.3832  19.6952  2.00615000   383
DSCS 3-9      
1 23628U 95038A   16053.20141388 0.00000000  00000-0  00000-0 0    01
2 23628   9.7242  43.5614 0006425 253.6457 106.2913  1.00270000  7828
DSCS 3-9 Rk2  
1 23648U 95038C   16053.02949000  .00000000  00000-0  00000-0 0    00
2 23648  14.4447  19.9324 0017795 195.7171 164.2396  1.01265239  1918
UFO F6        
1 23696U 95057A   16052.96352253 0.00000000  00000-0  00000-0 0    04
2 23696   8.5365  32.9531 0003840 200.7723 159.2236  1.00270000   136
Milstar 2     
1 23712U 95060A   16053.81668690  .00000000  00000-0  00000-0 0    07
2 23712  11.9161  34.8897 0004336 197.5834 162.4136  1.00387592   848
Milstar 2 Rk  
1 23713U 95060B   16053.15076642  .00000000  00000-0  00000-0 0    05
2 23713  12.9643  31.7905 0034381 122.8197 237.5239  1.00583002  1086
Mercury 2     
1 23855U 96026A   16052.45910161 0.00000000  00000-0  00000-0 0    00
2 23855   9.5275   3.7782 0399895 230.1289 126.2955  1.00270000   176
UFO F7        
1 23967U 96042A   16052.74016911 0.00000000  00000-0  00000-0 0    04
2 23967   7.7845  34.8752 0006583 164.9532 195.0806  1.00270000   729
DSP F18       
1 24737U 97008A   16052.65580594 0.00000000  00000-0  00000-0 0    06
2 24737  12.2987  35.0449 0008456 133.2408 226.8458  1.00270000  1650
DSP F18 Rk3   
1 24740U 97008D   16053.49166037  .00000000  00000-0  00000-0 0    05
2 24740  12.4334  35.6133 0022974  96.8947 263.3788  0.99494322  3499
Trumpet 3     
1 25034U 97068A   16052.92630253-0.00000459  00000-0  00000-0 0    00
2 25034  63.2786 265.2012 6562043 285.8495  14.8495  2.00615000    31
UFO F8        
1 25258U 98016A   16053.21596457 0.00000000  00000-0  00000-0 0    03
2 25258   6.9636  40.7199 0019692 254.2845 105.5059  1.00263728  7822
Mentor 2      
1 25336U 98029A   16052.65512977 0.00000000  00000-0  00000-0 0    06
2 25336   9.1552   0.4818 0041198 233.9858 125.6408  1.00270200   171
Mentor 2 Rk   
1 25337U 98029B   16053.19167019  .00000000  00000-0  00000-0 0    00
2 25337  10.6329 357.3696 0048931  96.7204 263.8488  1.00287097  2471
Mercury 2 Rk  
1 25349U 96026B   16053.69270337  .00000000  00000-0  00000-0 0    01
2 25349   9.4304 355.9212 0458156 319.1828  37.4934  0.99559659  1348
UFO F9        
1 25501U 98058A   16053.96536586  .00000000  00000-0  00000-0 0    09
2 25501   7.4073  36.2998 0013076 312.1885  47.7126  0.98175460   689
DSP F19       
1 25669U 99017A   16052.75938851 0.00000000  00000-0  00000-0 0    07
2 25669  29.0145 286.4386 7109956 211.5915  72.9747  2.32876163  5479
UFO F10       
1 25967U 99063A   16053.48215719  .00000000  00000-0  00000-0 0    01
2 25967   6.0534  40.8760 0003826 129.7718 230.2740  1.00280568  1096
DSCS 3-11     
1 26052U 00001A   16052.32486543 0.00000000  00000-0  00000-0 0    08
2 26052   5.9925  57.1755 0003498 259.3235 100.6445  1.00270000  7816
DSCS 3-11 Rk2 
1 26054U 00001C   16053.57281957  .00000000  00000-0  00000-0 0    00
2 26054  12.5733  32.5616 0022571 248.9012 110.8693  1.01181015  1610
DSP F20       
1 26356U 00024A   16053.15091790 0.00000000  00000-0  00000-0 0    08
2 26356  10.0096  39.7865 0014311 300.6039  59.2592  1.00270000  4342
DSP F20 Rk3   
1 26359U 00024D   16053.48384711  .00000000  00000-0  00000-0 0    05
2 26359  10.0410  39.9429 0006469  91.6539 268.4322  0.99700205  1074
DSCS 3-12     
1 26575U 00065A   16052.58910041 0.00000000  00000-0  00000-0 0    01
2 26575   5.2921  59.6455 0005538 174.6725 185.3471  1.00270000   215
DSCS 3-12 Rk2 
1 26577U 00065C   16053.06913927  .00000000  00000-0  00000-0 0    03
2 26577  12.1475  33.8969 0059622 183.3275 176.6448  1.01183066  3184
USA 155       
1 26635U 00080A   16053.38222736 0.00000000  00000-0  00000-0 0    01
2 26635   7.3777  39.3295 0011442 182.1762 177.8319  1.00270000  2755
Sicral 1      
1 26694U 01005A   16052.67115303 0.00000000  00000-0  00000-0 0    06
2 26694   6.5479  54.3028 0012535 126.5207 233.6119  1.00272000  1346
Milstar 4     
1 26715U 01009A   16053.26704595 0.00000000  00000-0  00000-0 0    07
2 26715   7.7237  39.7496 0008007 231.8939 128.0432  1.00270000  4179
Milstar 4 Rk  
1 26716U 01009B   16053.27709174  .00000000  00000-0  00000-0 0    07
2 26716   9.5136  38.2284 0014039  52.9967 307.1437  1.00458194  1097
GeoLITE       
1 26770U 01020A   16053.65016135  .00000000  00000-0  00000-0 0    00
2 26770   5.5824  49.2983 0018467  26.7130 333.3941  0.98842516  1918
DSP F21       
1 26880U 01033A   16053.33382430 0.00000000  00000-0  00000-0 0    05
2 26880   9.0761  42.8946 0007398 225.7383 134.2107  1.00270000  5327
DSP F21 Rk3   
1 26883U 01033D   16053.93039978  .00000000  00000-0  00000-0 0    00
2 26883   9.0756  42.8777 0006685 263.7151  96.2208  0.99889075  1093
SDS 3-2       
1 26948U 01046A   16053.09875428 0.00000000  00000-0  00000-0 0    01
2 26948   8.3757  60.0858 0006351 178.4266 181.5886  1.00270000  1634
Milstar 5     
1 27168U 02001A   16052.67924782 0.00000000  00000-0  00000-0 0    09
2 27168   7.0274  39.6235 0007070 130.7235 229.3547  1.00270000   179
Milstar 5 Rk  
1 27169U 02001B   16053.09093016  .00000000  00000-0  00000-0 0    04
2 27169   5.2937  39.9923 0054916  58.7933 301.7558  1.00167150  1065
DSP F18 Cover 
1 27680U 97008E   16053.68034020  .00000000  00000-0  00000-0 0    08
2 27680  12.6099  35.4057 0038488 192.2949 167.6230  0.99532738  7821
DSCS 3-13     
1 27691U 03008A   16053.12806263 0.00000000  00000-0  00000-0 0    02
2 27691   3.7502  67.7287 0002434 110.2284 249.8162  1.00270000  1274
DSCS 3-13 Rk2 
1 27693U 03008C   16053.92677190  .00000000  00000-0  00000-0 0    07
2 27693  10.3928  40.3698 0021238 153.7824 206.3373  1.01123181  1270
Milstar 6     
1 27711U 03012A   16053.06981634 0.00000000  00000-0  00000-0 0    09
2 27711   6.6137  56.6043 0007725 253.6412 106.2817  1.00270000   141
Milstar 6 Rk  
1 27712U 03012B   16053.64299326  .00000000  00000-0  00000-0 0    04
2 27712   6.8178  41.5711 0025864 195.8300 164.1010  1.00579743  1270
Canyon 1 Rk   
1 27785U 68063B   16053.29779642  .00000000  00000-0  00000-0 0    06
2 27785  12.8605 322.4007 1098102 143.1485 224.9581  1.01769087  3034
Canyon 2 Rk   
1 27786U 69036B   16053.52284320  .00000000  00000-0  00000-0 0    08
2 27786   8.3389  68.3702 1049150 137.7932 230.7971  1.03860490   135
Canyon 3 Rk   
1 27787U 70069B   16053.84902660  .00000000  00000-0  00000-0 0    06
2 27787  12.1041 246.4363 1380765  25.4658 340.7479  1.01702092  1265
DSCS 3-14     
1 27875U 03040A   16052.90150888 0.00000000  00000-0  00000-0 0    02
2 27875   2.8283  73.1033 0004228 105.8413 254.2242  1.00270000  1269
DSCS 3-14 Rk2 
1 27877U 03040C   16053.55140706  .00000000  00000-0  00000-0 0    04
2 27877  10.0420  41.8294 0011486 211.2311 148.7126  1.00747299  3033
Mentor 3      
1 27937U 03041A   16052.59350354 0.00000000  00000-0  00000-0 0    07
2 27937   8.4059  72.5439 0053206 200.6683 159.1273  1.00270000   173
Mentor 3 Rk   
1 27938U 03041B   16053.13489642  .00000000  00000-0  00000-0 0    02
2 27938   8.3734  83.0322 0035160   5.6471 354.4044  1.00859040   755
UFO F11       
1 28117U 03057A   16052.46997420 0.00000000  00000-0  00000-0 0    02
2 28117   4.4681  34.7509 0005399 224.7312 135.2353  1.00270000   236
DSP F20 Cover 
1 28156U 00024E   16053.21273107  .00000000  00000-0  00000-0 0    09
2 28156  10.2450  39.6433 0233771 337.4827  21.5196  0.99729641  6402
DSP F22       
1 28158U 04004A   16053.53130465  .00000000  00000-0  00000-0 0    07
2 28158   7.0140  49.4647 0005756 231.0072 128.9536  1.00276835   185
DSP F22 Rk3   
1 28161U 04004D   16053.74276611  .00000000  00000-0  00000-0 0    08
2 28161   7.0570  49.7316 0003916 252.0925 107.8768  0.99829934  1600
USA 179       
1 28384U 04034A   16052.63034346 0.00001304  00000-0  00000-0 0    00
2 28384  63.0310  25.2902 7375333 268.5958  14.3818  2.00615000    36
USA 179 Rk    
1 28385U 04034B   16052.83081111 0.00058739  00000-0  12869-2 0    07
2 28385  57.3445 166.0930 3822389 235.6824  82.0927  7.85245490   424
Delta4 Demo   
1 28500U 04050A   16053.30409795  .00000000  00000-0  00000-0 0    09
2 28500  15.1821  58.4224 2758823 137.6239 247.3213  1.41308824    43
Delta4 Demo Rk
1 28546U 04050B   16053.68036217  .00000000  00000-0  00000-0 0    05
2 28546  15.2414  68.9395 2539510 115.7683 272.5230  1.37839865  1271
Mitex 1       
1 29240U 06024A   16053.56871736  .00000000  00000-0  00000-0 0    00
2 29240   0.4134 311.4619 0012944 295.5965  64.2807  0.98605551  1576
Mitex 2       
1 29241U 06024B   16053.13791653  .00000000  00000-0  00000-0 0    03
2 29241   5.0825  61.5213 0006604  74.1290 285.9559  0.98872084  2750
Mitex 1 Rk    
1 29242U 06024C   16053.06358836  .00000000  00000-0  00000-0 0    08
2 29242   7.2690  48.3613 0008573 126.0592 234.0323  1.04033544  1314
USA 184       
1 29249U 06027A   16052.55036876 0.00000681  00000-0  00000-0 0    03
2 29249  63.8065 342.2091 7130813 267.0290  16.9331  2.00615000    36
USA 184 Rk    
1 29250U 06027B   16052.95028092 0.00000000  00000-0  00000-0 0    05
2 29250  64.1093 311.6629 6488542 283.3822  16.1339  2.17600197   192
WGS 1         
1 32258U 07046A   16053.31574443 0.00000000  00000-0  00000-0 0    06
2 32258   0.1051  80.1572 0003453 203.5061 156.4897  1.00270000  7821
DSP F23       
1 32287U 07054A   16053.50194481  .00000000  00000-0  00000-0 0    08
2 32287   3.1064  77.3176 0003578 137.8727 222.1671  1.00367803   758
DSP F23 Rk    
1 32288U 07054B   16053.23079856  .00000000  00000-0  00000-0 0    07
2 32288   3.1170  81.4285 0251483  41.8837 320.0135  0.95871318  1028
USA 198       
1 32378U 07060A   16052.81964849 0.00001037  00000-0  00000-0 0    03
2 32378  63.9306 268.6465 7138246 271.2925  15.3734  2.00615000    38
USA 198 Rk    
1 32379U 07060B   16053.01721595 0.00022181  00000-0  15283-2 0    00
2 32379  60.8361  79.6668 5234594 251.7747  46.3850  5.29374831   162
USA 200       
1 32706U 08010A   16052.81283827-0.00000465  00000-0  00000-0 0    09
2 32706  63.1164  51.2318 7131013 269.3275  16.1022  2.00615000    30
Mentor 4      
1 33490U 09001A   16052.53479272 0.00000000  00000-0  00000-0 0    05
2 33490   4.4223  27.4782 0003421 338.8513  21.1361  1.00270000   157
Mentor 4 Rk   
1 33491U 09001B   16053.55654947  .00000000  00000-0  00000-0 0    03
2 33491   4.5631  30.4217 0252700   6.9782 353.4003  0.96057720  1595
WGS 2         
1 34713U 09017A   16052.58097749 0.00000000  00000-0  00000-0 0    01
2 34713   0.0100  60.2466 0002340 329.1618  30.8267  1.00270000    66
Sicral 1B     
1 34810U 09020A   16052.79748930 0.00000000  00000-0  00000-0 0    01
2 34810   0.0708  90.0964 0003453 179.0603 180.9538  1.00270000   174
PAN USA 207   
1 35815U 09047A   16052.56982950 0.00000000  00000-0  00000-0 0    03
2 35815   0.0624  43.7533 0003384 283.6668  76.3012  1.00270000    63
WGS 3         
1 36108U 09068A   16053.86433598 0.00000000  00000-0  00000-0 0    05
2 36108   0.0347  91.3447 0003615   8.8069 351.2256  1.00270000   181
AEHF 1        
1 36868U 10039A   16053.45282565 0.00000000  00000-0  00000-0 0    09
2 36868   1.0575 246.7267 0003454  51.4421 308.6118  1.00270000    50
Mentor 5      
1 37232U 10063A   16052.90737191 0.00000000  00000-0  00000-0 0    01
2 37232   3.2980 213.4936 0049695  57.6925 302.8101  1.00270000   247
Mentor 5 Rk   
1 37233U 10063B   16053.62494650  .00000000  00000-0  00000-0 0    02
2 37233   3.5078 211.7863 0231527 231.0709 126.8548  1.04036967  3051
USA 227       
1 37377U 11011A   16053.31596792 0.00000000  00000-0  00000-0 0    01
2 37377   4.7016 357.3850 0005115 235.7495 124.2112  1.00270000  1919
SBIRS GEO 1   
1 37481U 11019A   16052.21121338 0.00000000  00000-0  00000-0 0    03
2 37481   4.2763 320.6405 0004564 325.5941  34.3790  1.00270000   236
WGS 4         
1 38070U 12003A   16053.31044765 0.00000000  00000-0  00000-0 0    02
2 38070   0.0260 351.8095 0003615 183.3001 176.7106  1.00270000   244
WGS 4 Rk      
1 38071U 12003B   16053.76755880  .00000000  00000-0  00000-0 0    09
2 38071  23.5160  42.5350 8218050 273.8275   7.2385  1.15349077   153
MUOS 1        
1 38093U 12009A   16053.00035146 0.00000000  00000-0  00000-0 0    02
2 38093   3.7122 334.4962 0059512 180.9551 179.0469  1.00270000  1289
MUOS 1 Rk     
1 38094U 12009B   16052.40536739 0.00000000  00000-0  00000-0 0    00
2 38094  18.5387  26.0985 6252920 354.2242   1.0406  2.11807000   129
AEHF 2        
1 38254U 12019A   16052.43364437 0.00000000  00000-0  00000-0 0    06
2 38254   2.1580 326.0063 0003401 303.5813  56.3904  1.00270000   176
USA 236       
1 38466U 12033A   16053.28579873 0.00000000  00000-0  00000-0 0    03
2 38466   2.1781 244.5110 0009212   4.8874 355.1479  1.00270000   183
Mentor 6      
1 38528U 12034A   16053.32371677 0.00000000  00000-0  00000-0 0    00
2 38528   1.3639 320.8899 0043482   5.3168 354.7554  1.00270000    73
Mentor 6 Rk   
1 38529U 12034B   16053.79229054  .00000000  00000-0  00000-0 0    03
2 38529   1.3932 315.0147 0181279 208.9191 150.0765  1.03144149   186
SBIRS GEO 2   
1 39120U 13011A   16052.41628169 0.00000000  00000-0  00000-0 0    05
2 39120   4.2921 321.2759 0003982 323.3060  36.6694  1.00270000   175
WGS 5         
1 39168U 13024A   16052.94868061 0.00000000  00000-0  00000-0 0    06
2 39168   0.0151  80.2757 0004817 162.2850 197.7465  1.00270000    42
WGS 5 Rk      
1 39169U 13024B   16053.01377180 0.00000000  00000-0  00000-0 0    03
2 39169  22.8306 281.6971 8230349  73.0703 354.6986  1.09777100  3190
MUOS 2        
1 39206U 13036A   16053.77506682 0.00000000  00000-0  00000-0 0    02
2 39206   4.1569 331.1150 0052945   0.3625 359.6676  1.00270000   149
MUOS 2 Rk     
1 39207U 13036B   16053.30292525 0.00000000  00000-0  00000-0 0    00
2 39207  17.8760 143.8927 6148030 148.1098 271.6223  2.09944463  3309
WGS 6         
1 39222U 13041A   16052.19772040 0.00000000  00000-0  00000-0 0    04
2 39222   0.1310  86.6153 0017751 349.1660  10.7967  1.00270000  3467
WGS 6 Rk      
1 39223U 13041B   16053.39457419 0.00000021  00000-0  93136-4 0    07
2 39223  26.4375 346.1265 8254732  84.4350 353.2970  1.14617659  3361
AEHF 3        
1 39256U 13050A   16053.84924051 0.00000000  00000-0  00000-0 0    05
2 39256   3.4417 302.8641 0005552  14.1976 345.8435  1.00270000  4663
GSSAP 1       
1 40099U 14043A   16053.62094289  .00000000  00000-0  00000-0 0    02
2 40099   0.2934  90.1531 0001282 231.5051 128.4986  1.00460369  1368
GSSAP Rk      
1 40102U 14043D   16053.80817195  .00000000  00000-0  00000-0 0    06
2 40102   0.8379  66.9744 0011797 227.0063 132.9079  0.98918968    40
CLIO          
1 40208U 14055A   16052.61850780 0.00000000  00000-0  00000-0 0    01
2 40208   0.0590 102.2205 0011835 253.6798 106.1979  1.00251614   238
MUOS 3        
1 40374U 15002A   16052.53892500 0.00000000  00000-0  00000-0 0    05
2 40374   4.6440 329.4624 0051926 181.2885 178.7114  1.00270000   159
MUOS 3 Rk     
1 40375U 15002B   16052.85355699 0.00000000  00000-0  00000-0 0    04
2 40375  18.4385 256.2867 6055705 309.6109  10.9057  2.08929700  1349
Sicral 2      
1 40614U 15022B   16052.56883606 0.00000000  00000-0  00000-0 0    04
2 40614   0.0240  32.7069 0001000 205.1817 154.8250  1.00270000    66
MUOS 4        
1 40887U 15044A   16052.97193562 0.00000000  00000-0  00000-0 0    00
2 40887   4.8663 329.1505 0006043 142.5398 217.5184  1.00270000   790
MUOS 4 Rk     
1 40888U 15044B   16052.92541341 0.00000000  00000-0  00000-0 0    08
2 40888  18.7313 296.7660 6090342 234.5174  52.6326  2.08794328  1603
Unknown 990907
1 90004U 99750A   16052.63787860-0.00001282  00000-0  00000-0 0    09
2 90004  62.5344 298.8362 7303186 251.7982  22.0366  2.01480469  4208
Unknown 000405
1 90006U 00596A   16052.88763496 0.00000110  00000-0  00000-0 0    05
2 90006  63.5741 173.7412 6751276 259.8025  23.6514  2.00650141  2713
Unknown 000601
1 90007U 90097E   16053.82865025  .00000000  00000-0  00000-0 0    05
2 90007  15.0801  11.0846 0049085 185.4064 174.5525  1.00234200   660
Unknown 040208
1 90020U 04539A   16052.48312004 0.00001705  00000-0  00000-0 0    04
2 90020  61.1653 168.1374 7468259 262.8679  15.5401  2.00789308  4238
Unknown 050702
1 90040U 05683A   16052.97027081 0.00006098  00000-0  16386-2 0    05
2 90040  27.8656 318.2993 6958073   8.6064 358.9232  2.69236376  3432
Unknown 060625
1 90057U 06676A   16052.77522476 0.00003480  00000-0  33758-2 0    06
2 90057  26.3107 194.9135 7175782  81.4971 347.1559  2.37307951  4152
Unknown 060624
1 90059U 06675A   16052.68185926 0.00000629  00000-0  58368-3 0    09
2 90059  28.4146  92.3139 7206891  65.5830 351.0310  2.33656372  1648
Unknown 060616
1 90061U 06667A   16052.36701246 0.00014716  00000-0  15871-2 0    00
2 90061  27.6546 293.0265 6672856 215.0708  73.5211  3.10243740  3105
Unknown 070914
1 90077U 07757A   16053.22345224 0.00004450  00000-0  32415-2 0    01
2 90077  28.0532 148.8364 7156783 108.5954 336.2448  2.40678454  4541
Unknown 080818
1 90082U 08731A   16053.02965870 0.00000643  00000-0  00000-0 0    06
2 90082  62.3477 155.2690 6784559 260.7881  22.8180  2.00732449  1355
Unknown 090126
1 90083U 09526A   16052.72938341 0.00000997  00000-0  00000-0 0    01
2 90083  63.9170  55.6935 7061388 260.4081  20.2910  2.00492374    33
Unknwn 9O0DC57
1 90084U 09710A   16054.99897253  .00000000  00000-0  00000-0 0    09
2 90084  25.7081 273.8330 7234931 297.4454   8.3057  0.44273013  5176
Unknown 091017
1 90085U 09790A   16053.11509941 0.00021598  00000-0  17919-2 0    09
2 90085  25.2657 212.4082 6411625 141.9491 288.3560  3.47742384  4721
Unknown 110619
1 90086U 11670A   16052.72143676 0.00005470  00000-0  14341-2 0    02
2 90086  26.2617 302.6216 6561977  90.0559 339.4771  3.22420183  3189
Unknown 110623
1 90087U 11674A   16052.26458313-0.00000593  00000-0  00000-0 0    00
2 90087  27.7809   2.1743 7298467 210.4849  71.8478  2.00882058  1477
Unknown 120723
1 90089U 12705A   16052.63675439 0.00023909  00000-0  93656-3 0    06
2 90089  25.7961 161.9205 6499447 261.3446  25.3845  3.37368905 12713
Unknown131121A
1 90091U 13825A   16052.43295796-0.00000890  00000-0  00000-0 0    08
2 90091  62.7457 260.9422 7050735 277.6535  14.0225  2.00509723    34
ISON 144605   
1 90092U 14735A   16053.41531157  .00000000  00000-0  00000-0 0    05
2 90092  15.2925   3.5765 0058838  70.6757 289.9716  0.99530448  3632
ISON 69200    
1 90093U 14776A   16052.81184998 0.00000395  00000-0  18516-1 0    00
2 90093   3.0334 145.3213 7232746 251.9953  22.7209  2.08330406  4675
ISON 73800    
1 90094U 14776B   16052.67306483 0.00000000  00000-0  00000-0 0    01
2 90094  23.2140 250.5004 5150039 264.5639  37.3154  1.94975853  1645
ISON 60300    
1 90095U 14784A   16052.33064748 0.00000000  00000-0  00000-0 0    09
2 90095  63.2301 142.6313 7014337 265.2477  18.6405  2.38690000    33
ISON 70200    
1 90096U 14790A   16052.55744977-0.00000836  00000-0  00000-0 0    08
2 90096  63.6096 259.0232 7098549 273.9065  14.8278  2.04994021  4075
ISON 37600    
1 90097U 14792A   16053.00069080  .00000000  00000-0  00000-0 0    09
2 90097   4.5988 127.5451 5685767  26.4860 353.8496  3.98721688  4549
ISON 63200    
1 90099U 14792C   16052.65679652 0.00000065  00000-0  17609-3 0    00
2 90099  28.3911 260.0900 7218580 275.9203  13.3461  2.27929454   360
ISON 144402   
1 90100U 14798A   16053.22585673  .00000000  00000-0  00000-0 0    05
2 90100  10.3852  39.5753 0221661 189.4764 170.1111  0.99732395  4700
ISON 59501    
1 90101U 14817A   16053.26793677 0.00000000  00000-0  00000-0 0    07
2 90101  10.2910 144.8538 7013227 149.5108 283.3919  2.41793291  4668
ISON 145505   
1 90102U 14819A   16053.88615420  .00000000  00000-0  00000-0 0    07
2 90102  13.1929  34.0251 0779928 214.5904 140.0876  0.98930024  4646
ISON 64800    
1 90103U 14820A   16052.43106742 0.00000000  00000-0  00000-0 0    02
2 90103  63.8864 143.3620 6657022 256.6837  26.3418  2.21892600  4383
ISON 119400   
1 90105U 14829A   16053.22845532  .00000000  00000-0  00000-0 0    08
2 90105   8.2319 120.1248 1401792 105.1122 270.8080  1.20497680  4392
ISON 59700    
1 90106U 14844A   16052.59102935 0.00005167  00000-0  26744-2 0    02
2 90106   1.9248 281.1915 7091474  88.8640 344.3221  2.50019962  4383
ISON 68600    
1 90107U 14844B   16052.48024164 0.00000000  00000-0  00000-0 0    04
2 90107   6.4389 355.4281 6276681 329.3652   5.6638  2.09703600  4383
ISON 47601    
1 90108U 14845A   16053.20335885 0.00045923  00000-0  12819-2 0    08
2 90108  26.0819  86.4057 6077188  28.3420 354.3995  4.00388907  3350
ISON 54102    
1 90109U 15523A   16052.47507076 0.00002412  00000-0  27413-2 0    06
2 90109  10.2963 122.0517 6876506 356.3712   0.4880  2.74183477  3887
ISON 20100    
1 90110U 15545A   16052.32081050 0.00000302  00000-0  40694-3 0    08
2 90110  63.6530  33.3058 3923561 294.0327  30.1302  7.14661027  3729
ISON 60601    
1 90111U 15607A   16052.49015765 0.00000926  00000-0  12242-1 0    04
2 90111  10.6304 294.6674 7054250 215.1493  66.5255  2.37899498  3106
ISON 62200    
1 90112U 15614A   16052.67383852 0.00001090  00000-0  20292-2 0    06
2 90112   6.2426  37.7573 7181554  57.2572 352.4720  2.34013077  3032
Unknown 050612
1 96031U 96531A   16053.80637485  .00000000  00000-0  00000-0 0    02
2 96031   4.6333 312.3373 0223625 265.3750  92.0796  1.01896354  3384
Unknown 100202
1 96041U 96541A   16053.20891446  .00000000  00000-0  00000-0 0    07
2 96041  13.7643 338.0244 0052117 283.1900  76.2410  1.00269449  3197
96044         
1 96044U 96544A   16053.32363060  .00000000  00000-0  00000-0 0    02
2 96044  14.0327 337.5916 0039944   9.4158 350.6708  1.00324659  9358
Unknown 050403
1 96058U 96558A   16053.11075065  .00000000  00000-0  00000-0 0    04
2 96058  16.8242 339.3094 0029706 331.7131  28.1509  0.94321576  2595
Unknown 081022
1 96137U 80060G   16053.35057223  .00000000  00000-0  00000-0 0    05
2 96137  13.1772 328.1350 0018282 238.7922 121.0405  1.00386141  7829
UI168         
1 96168U 96668A   16053.71104157  .00000000  00000-0  00000-0 0    09
2 96168  14.4943   3.3125 0190851  52.2848 309.4422  1.00164480 10160
Unknown131121B
1 99079U 13825B   16052.87111255 0.00000511  00000-0  55200-3 0    02
2 99079  28.4000  49.9382 7134190  12.1840 358.5938  2.42013649  7847
Unknown 14052E
1 99096U 14552E   16052.45818826 0.00000000  00000-0  00000-0 0    09
2 99096  63.2307 255.2077 7172367 273.0728  14.5361  2.19895822  1597
Unknown 130404
1 99208U 13594A   16052.62661987 0.00015406  00000-0  14419-2 0    09
2 99208  20.1655 248.5678 4961916  14.8018 355.7610  5.72526370  2025
Unknown 130725
1 99212U 13706A   16052.54977928 0.00002831  00000-0  44460-2 0    02
2 99212  28.0002 254.9856 7131262 195.2717 119.8482  2.40847268  8406
